0.0001 2.316777976e-11 0.0003536947373 0.0002150387597 0.000235 0.000195042735
0.0002 7.549793399e-11 0.0005243792302 0.0003050273224 0.000355 0.0002650314465
0.0003 1.539097518e-10 0.000664899243 0.000385021645 0.000455 0.0003350248756
0.0004 2.573192521e-10 0.0007891469568 0.000455018315 0.000545 0.000385021645
0.0005 3.832228144e-10 0.000901192519 0.000525015873 0.000625 0.0004350191571
0.0006 5.292971842e-10 0.001003614638 0.0005750144928 0.000695 0.0004750175439
0.0007 6.955012664e-10 0.001099258336 0.0006350131234 0.000765 0.0005150161812
0.0008 8.793918193e-10 0.001188669902 0.0006850121655 0.000835 0.000555015015
0.0009 1.078680857e-09 0.001272422821 0.0007250114943 0.000895 0.0005950140056
0.001 1.294385225e-09 0.001352139941 0.0007750107527 0.000955 0.0006250133333
0.0011 1.520089501e-09 0.001426560449 0.0008150102249 0.001015 0.0006550127226
0.0012 1.758445336e-09 0.001497534202 0.0008550097466 0.001065 0.0006850121655
0.0013 2.009817123e-09 0.001565738774 0.0008850094162 0.001115 0.0007050118203
0.0014 2.274423587e-09 0.001631639621 0.000925009009 0.001165 0.0007350113379
0.0015 2.547980125e-09 0.001694594547 0.000955008726 0.001215 0.0007550110375
0.0016 2.82598929e-09 0.001754111906 0.0009950083752 0.001255 0.0007750107527
0.0017 3.109673328e-09 0.001810945507 0.00102500813 0.001305 0.0007950104822
0.0018 3.404496826e-09 0.001866457493 0.001055007899 0.001345 0.0008150102249
0.0019 3.702548403e-09 0.001919408325 0.00108500768 0.001385 0.00083500998
0.002 4.009623176e-09 0.001971068175 0.001105007541 0.001435 0.0008550097466
0.0021 4.317774094e-09 0.002020321248 0.001135007342 0.001475 0.0008750095238
0.0022 4.631394554e-09 0.002068097706 0.001155007215 0.001505 0.000895009311
0.0023 4.945626413e-09 0.002113850302 0.001185007032 0.001545 0.0009050092081
0.0024 5.260687387e-09 0.002157817069 0.001205006916 0.001585 0.000925009009
0.0025 5.581868255e-09 0.002200866263 0.001225006803 0.001625 0.0009350089127
0.0026 5.906577883e-09 0.002242740905 0.001245006693 0.001655 0.0009450088183
0.0027 6.236092402e-09 0.002283694327 0.001265006588 0.001685 0.000955008726
0.0028 6.571601276e-09 0.002323936164 0.001285006485 0.001725 0.0009650086356
0.0029 6.913003851e-09 0.002363502461 0.001305006386 0.001755 0.0009850084602
0.003 7.244761007e-09 0.002400721676 0.001325006289 0.001785 0.0009950083752
0.0031 7.566707412e-09 0.002435769041 0.001345006196 0.001815 0.0009950083752
0.0032 7.885490392e-09 0.002469505673 0.001365006105 0.001855 0.0009950083752
0.0033 8.202241265e-09 0.002502138272 0.001375006061 0.001885 0.00101500821
0.0034 8.522962292e-09 0.002534334768 0.001395005974 0.001915 0.00102500813
0.0035 8.840019638e-09 0.002565379003 0.001415005889 0.001945 0.00102500813
0.0036 9.154930599e-09 0.002595486721 0.001425005848 0.001975 0.001035008052
0.0037 9.47547167e-09 0.002625431783 0.001435005807 0.001995 0.001045007974
0.0038 9.791722092e-09 0.00265432126 0.001455005727 0.002015 0.001045007974
0.0039 1.009898938e-08 0.002681800276 0.001465005688 0.002045 0.001055007899
0.004 1.040594528e-08 0.0027087004 0.00147500565 0.002075 0.001055007899
0.0041 1.0712651e-08 0.002735055298 0.001495005574 0.002105 0.001065007825
0.0042 1.101772811e-08 0.002760775822 0.001505005537 0.002125 0.001065007825
0.0043 1.13221557e-08 0.002785972553 0.001515005501 0.002155 0.001065007825
0.0044 1.162607124e-08 0.002810680318 0.001525005464 0.002175 0.001075007752
0.0045 1.192934516e-08 0.002834910336 0.001535005429 0.002205 0.001075007752
0.0046 1.223058105e-08 0.002858574329 0.001555005359 0.002225 0.001075007752
0.0047 1.253478656e-08 0.0028820805 0.001565005325 0.002255 0.001075007752
0.0048 1.283315672e-08 0.002904769162 0.001575005291 0.002275 0.001075007752
0.0049 1.310842229e-08 0.002925391087 0.001585005258 0.002295 0.00108500768
0.005 1.338663499e-08 0.002945942504 0.001585005258 0.002315 0.00108500768
0.0051 1.366602479e-08 0.002966296281 0.001595005225 0.002345 0.00108500768
0.0052 1.394282087e-08 0.002986189347 0.001605005192 0.002365 0.00108500768
0.0053 1.421352365e-08 0.003005391437 0.00161500516 0.002385 0.001075007752
0.0054 1.448012914e-08 0.003024066039 0.001625005128 0.002405 0.00108500768
0.0055 1.474765413e-08 0.003042576037 0.001635005097 0.002445 0.00108500768
0.0056 1.500963839e-08 0.003060486976 0.001635005097 0.002465 0.001075007752
0.0057 1.525478583e-08 0.003077059051 0.001645005066 0.002485 0.001065007825
0.0058 1.54907715e-08 0.003092844902 0.001655005035 0.002495 0.001065007825
0.0059 1.572514522e-08 0.003108365029 0.001655005035 0.002515 0.001065007825
0.006 1.595665623e-08 0.003123544917 0.001665005005 0.002535 0.001065007825
0.0061 1.618793772e-08 0.003138563845 0.001675004975 0.002545 0.001055007899
0.0062 1.641587803e-08 0.003153226478 0.001675004975 0.002565 0.001055007899
0.0063 1.66427097e-08 0.003167683666 0.001685004946 0.002595 0.001055007899
0.0064 1.686872324e-08 0.003181958639 0.001685004946 0.002615 0.001055007899
0.0065 1.709523359e-08 0.00319613763 0.001695004916 0.002635 0.001055007899
0.0066 1.731339065e-08 0.003209675806 0.001695004916 0.002655 0.001045007974
0.0067 1.753120553e-08 0.003223079761 0.001705004888 0.002665 0.001045007974
0.0068 1.774232469e-08 0.003235966126 0.001705004888 0.002685 0.001045007974
0.0069 1.794645345e-08 0.003248328966 0.001715004859 0.002705 0.001035008052
0.007 1.814931542e-08 0.003260522554 0.001725004831 0.002725 0.001035008052
0.0071 1.835079177e-08 0.003272543251 0.001725004831 0.002745 0.001035008052
0.0072 1.855073114e-08 0.003284385577 0.001725004831 0.002765 0.00102500813
0.0073 1.874993086e-08 0.003296099774 0.001735004803 0.002775 0.00102500813
0.0074 1.894936537e-08 0.003307744955 0.001735004803 0.002785 0.00102500813
0.0075 1.91468923e-08 0.003319198488 0.001745004776 0.002805 0.00101500821
0.0076 1.933800889e-08 0.003330205582 0.001755004748 0.002825 0.00101500821
0.0077 1.951161982e-08 0.003340141773 0.001755004748 0.002845 0.0009950083752
0.0078 1.967978046e-08 0.003349709994 0.001755004748 0.002865 0.0009850084602
0.0079 1.984907443e-08 0.003359287799 0.001755004748 0.002875 0.0009850084602
0.008 2.001277728e-08 0.003368497634 0.001765004721 0.002885 0.000975008547
0.0081 2.017217462e-08 0.003377417108 0.001765004721 0.002905 0.000975008547
0.0082 2.033231271e-08 0.003386330842 0.001765004721 0.002915 0.0009650086356
0.0083 2.049107025e-08 0.00339512165 0.001775004695 0.002925 0.000955008726
0.0084 2.064894736e-08 0.003403818792 0.001775004695 0.002955 0.000955008726
0.0085 2.079474244e-08 0.003411811074 0.001775004695 0.002975 0.000955008726
0.0086 2.093122003e-08 0.003419258802 0.001775004695 0.002995 0.0009450088183
0.0087 2.106786254e-08 0.003426683168 0.001785004669 0.003005 0.0009450088183
0.0088 2.120297707e-08 0.003433993013 0.001785004669 0.003015 0.0009350089127
0.0089 2.133787617e-08 0.003441260287 0.001785004669 0.003035 0.000925009009
0.009 2.146757361e-08 0.003448218515 0.001785004669 0.003055 0.0009150091075
0.0091 2.159021847e-08 0.00345477264 0.001785004669 0.003075 0.0009050092081
0.0092 2.171002299e-08 0.003461151056 0.001795004643 0.003075 0.0008850094162
0.0093 2.182545554e-08 0.003467274548 0.001785004669 0.003085 0.0008750095238
0.0094 2.193754655e-08 0.003473200149 0.001795004643 0.003095 0.0008650096339
0.0095 2.204722861e-08 0.003478978897 0.001795004643 0.003115 0.0008550097466
0.0096 2.215537011e-08 0.003484657744 0.001795004643 0.003135 0.0008450098619
0.0097 2.226320952e-08 0.003490302356 0.001795004643 0.003155 0.00083500998
0.0098 2.236926746e-08 0.003495835969 0.001795004643 0.003165 0.0008150102249
0.0099 2.247415126e-08 0.003501291147 0.001795004643 0.003175 0.000805010352
0.01 2.257515864e-08 0.003506528687 0.001795004643 0.003195 0.0007950104822
0.0101 2.266748383e-08 0.003511302379 0.001805004617 0.003205 0.0007850106157
0.0102 2.275824033e-08 0.003515982345 0.001805004617 0.003225 0.0007750107527
0.0103 2.284824663e-08 0.003520611354 0.001805004617 0.003245 0.0007750107527
0.0104 2.293557056e-08 0.003525090805 0.001805004617 0.003265 0.0007550110375
0.0105 2.302224606e-08 0.003529525763 0.001805004617 0.003275 0.0007450111857
0.0106 2.310394074e-08 0.003533695688 0.001815004591 0.003295 0.0007450111857
0.0107 2.318733622e-08 0.003537942299 0.001815004591 0.003315 0.0007350113379
0.0108 2.326342882e-08 0.003541808164 0.001815004591 0.003325 0.0007250114943
0.0109 2.333971772e-08 0.003545675548 0.001815004591 0.003335 0.0007250114943
0.011 2.340902252e-08 0.003549181581 0.001815004591 0.003345 0.0007050118203
0.0111 2.347930517e-08 0.003552730023 0.001815004591 0.003355 0.0006950119904
0.0112 2.353837482e-08 0.003555706868 0.001815004591 0.003375 0.0006850121655
0.0113 2.359820349e-08 0.003558716892 0.001815004591 0.003385 0.0006750123457
0.0114 2.365545247e-08 0.003561592371 0.001815004591 0.003385 0.0006650125313
0.0115 2.370643473e-08 0.003564149184 0.001805004617 0.003395 0.0006550127226
0.0116 2.375893345e-08 0.003566778222 0.001805004617 0.003405 0.0006450129199
0.0117 2.381232221e-08 0.003569447862 0.001805004617 0.003425 0.0006250133333
0.0118 2.386751464e-08 0.003572203501 0.001815004591 0.003445 0.0006150135501
0.0119 2.390714491e-08 0.003574179536 0.001815004591 0.003455 0.0005950140056
0.012 2.394417684e-08 0.00357602404 0.001805004617 0.003465 0.0005750144928
0.0121 2.39808651e-08 0.003577849552 0.001805004617 0.003475 0.0005650147493
0.0122 2.401706228e-08 0.003579648805 0.001805004617 0.003485 0.0005450152905
0.0123 2.405281277e-08 0.003581424081 0.001815004591 0.003495 0.000525015873
0.0124 2.408810889e-08 0.00358317507 0.001815004591 0.003515 0.0005050165017
0.0125 2.412258473e-08 0.003584883715 0.001815004591 0.003525 0.000495016835
0.0126 2.41565496e-08 0.003586565444 0.001815004591 0.003535 0.0004850171821
0.0127 2.418970621e-08 0.003588205635 0.001815004591 0.003545 0.0004650179211
0.0128 2.422224169e-08 0.003589813642 0.001815004591 0.003555 0.0004450187266
0.0129 2.425418021e-08 0.003591390746 0.001815004591 0.003575 0.0004250196078
0.013 2.428561924e-08 0.003592941834 0.001815004591 0.003585 0.0004050205761
0.0131 2.431642453e-08 0.003594460357 0.001815004591 0.003595 0.000385021645
0.0132 2.434658965e-08 0.003595946082 0.001815004591 0.003615 0.0003650228311
0.0133 2.437591706e-08 0.00359738937 0.001815004591 0.003635 0.0003450241546
0.0134 2.440445085e-08 0.003598792492 0.001815004591 0.003655 0.000325025641
0.0135 2.443231677e-08 0.003600161717 0.001815004591 0.003675 0.0003050273224
0.0136 2.445964942e-08 0.003601503727 0.001815004591 0.003695 0.0002850292398
0.0137 2.448620082e-08 0.003602806422 0.001815004591 0.003715 0.0002550326797
0.0138 2.451199685e-08 0.003604071154 0.001825004566 0.003725 0.000235035461
0.0139 2.453711072e-08 0.00360530159 0.001825004566 0.003745 0.0002050406504
0.014 2.456143985e-08 0.003606492777 0.001825004566 0.003765 0.000185045045
0.0141 2.458511526e-08 0.003607651202 0.001825004566 0.003775 0.0001550537634
0.0142 2.460776725e-08 0.003608758856 0.001825004566 0.003775 0.0001250666667
0.0143 2.462965019e-08 0.003609828259 0.001825004566 0.003785 8.509803922e-05
0.0144 2.465066297e-08 0.003610854542 0.001825004566 0.003795 3.523809524e-05
0.0145 2.467077629e-08 0.003611836349 0.001825004566 0.003805 0
0.0146 2.469023921e-08 0.003612785898 0.001825004566 0.003825 0
0.0147 2.47088769e-08 0.00361369472 0.001825004566 0.003835 0
0.0148 2.472668605e-08 0.003614562713 0.001825004566 0.003845 0
0.0149 2.474354493e-08 0.003615384007 0.001825004566 0.003855 0
0.015 2.475961783e-08 0.003616166664 0.001825004566 0.003865 0
0.0151 2.477493051e-08 0.003616911987 0.001825004566 0.003885 0
0.0152 2.478944795e-08 0.00361761832 0.001825004566 0.003895 0
0.0153 2.480324923e-08 0.003618289553 0.001825004566 0.003915 0
0.0154 2.481633711e-08 0.00361892586 0.001825004566 0.003935 0
0.0155 2.482871286e-08 0.003619527339 0.001825004566 0.003945 0
0.0156 2.484043452e-08 0.003620096843 0.001825004566 0.003965 0
0.0157 2.485140095e-08 0.003620629492 0.001825004566 0.003985 0
0.0158 2.486176723e-08 0.003621132847 0.001825004566 0.003995 0
0.0159 2.487154177e-08 0.003621607341 0.001825004566 0.004015 0
0.016 2.488063048e-08 0.003622048431 0.001825004566 0.004025 0
0.0161 2.48892677e-08 0.003622467509 0.001825004566 0.004045 0
0.0162 2.489728007e-08 0.003622856183 0.001825004566 0.004065 0
0.0163 2.490485679e-08 0.003623223647 0.001825004566 0.004085 0
0.0164 2.491199366e-08 0.003623569711 0.001825004566 0.004095 0
0.0165 2.491875128e-08 0.003623897324 0.001835004541 0.004115 0
0.0166 2.492513604e-08 0.003624206807 0.001835004541 0.004125 0
0.0167 2.493114906e-08 0.003624498222 0.001835004541 0.004145 0
0.0168 2.493685193e-08 0.003624774562 0.001835004541 0.004165 0
0.0169 2.49423213e-08 0.003625039549 0.001835004541 0.004175 0
0.017 2.494753687e-08 0.003625292203 0.001835004541 0.004185 0
0.0171 2.495244563e-08 0.003625529962 0.001835004541 0.004205 0
0.0172 2.495713674e-08 0.00362575715 0.001845004517 0.004215 0
0.0173 2.496172006e-08 0.00362597909 0.001845004517 0.004225 0
0.0174 2.496598339e-08 0.003626185511 0.001845004517 0.004245 0
0.0175 2.497024901e-08 0.00362639202 0.001845004517 0.004255 0
0.0176 2.497425434e-08 0.003626585905 0.001845004517 0.004265 0
0.0177 2.497822694e-08 0.003626778186 0.001845004517 0.004275 0
0.0178 2.4982008e-08 0.003626961177 0.001855004492 0.004285 0
0.0179 2.498566131e-08 0.003627137968 0.001855004492 0.004295 0
0.018 2.498924771e-08 0.003627311504 0.001855004492 0.004305 0
0.0181 2.499268539e-08 0.003627477828 0.001865004468 0.004315 0
0.0182 2.499608258e-08 0.003627642179 0.001865004468 0.004325 0
0.0183 2.499935546e-08 0.003627800501 0.001865004468 0.004335 0
0.0184 2.500260181e-08 0.003627957526 0.001865004468 0.004345 0
0.0185 2.50056847e-08 0.003628106633 0.001865004468 0.004355 0
0.0186 2.500881281e-08 0.003628257914 0.001865004468 0.004375 0
0.0187 2.501179583e-08 0.003628402166 0.001865004468 0.004385 0
0.0188 2.501471838e-08 0.003628543483 0.001865004468 0.004405 0
0.0189 2.501762472e-08 0.003628684005 0.001865004468 0.004415 0
0.019 2.502051006e-08 0.003628823501 0.001865004468 0.004425 0
0.0191 2.502337525e-08 0.003628962013 0.001865004468 0.004445 0
0.0192 2.502619082e-08 0.003629098115 0.001865004468 0.004455 0
0.0193 2.502895628e-08 0.003629231785 0.001865004468 0.004475 0
0.0194 2.503167103e-08 0.003629362994 0.001865004468 0.004495 0
0.0195 2.503434794e-08 0.003629492366 0.001865004468 0.004515 0
0.0196 2.503697254e-08 0.0036296192 0.001865004468 0.004525 0
0.0197 2.503955719e-08 0.003629744094 0.001865004468 0.004535 0
0.0198 2.504206259e-08 0.003629865152 0.001865004468 0.004545 0
0.0199 2.504449983e-08 0.003629982908 0.001865004468 0.004565 0
0.02 2.504687374e-08 0.003630097597 0.001875004444 0.004585 0
0.0201 2.504918245e-08 0.003630209129 0.001875004444 0.004605 0
0.0202 2.505138151e-08 0.003630315357 0.001885004421 0.004635 0
0.0203 2.505364465e-08 0.003630424675 0.001885004421 0.004655 0
0.0204 2.5055808e-08 0.003630529166 0.001895004398 0.004675 0
0.0205 2.505803198e-08 0.00363063658 0.001905004374 0.004685 0
0.0206 2.506015844e-08 0.003630739277 0.001915004352 0.004695 0
0.0207 2.506225915e-08 0.003630840725 0.001915004352 0.004705 0
0.0208 2.506443381e-08 0.003630945739 0.001925004329 0.004715 0
0.0209 2.506656754e-08 0.003631048769 0.001935004307 0.004725 0
0.021 2.506867783e-08 0.003631150663 0.001945004284 0.004735 0
0.0211 2.507076448e-08 0.003631251409 0.001945004284 0.004755 0
0.0212 2.507282874e-08 0.003631351069 0.001955004263 0.004775 0
0.0213 2.507484857e-08 0.003631448578 0.001965004241 0.004795 0
0.0214 2.507687539e-08 0.00363154642 0.001965004241 0.004825 0
0.0215 2.507888806e-08 0.003631643573 0.001975004219 0.004845 0
0.0216 2.508091026e-08 0.003631741181 0.001985004198 0.004875 0
0.0217 2.508292799e-08 0.003631838569 0.001995004177 0.004895 0
0.0218 2.508494419e-08 0.003631935877 0.001995004177 0.004915 0
0.0219 2.508698104e-08 0.003632034176 0.002005004156 0.004935 0
0.022 2.508901156e-08 0.003632132165 0.002015004136 0.004945 0
0.0221 2.509104929e-08 0.003632230496 0.002015004136 0.004955 0
0.0222 2.509311908e-08 0.003632330369 0.002025004115 0.004965 0
0.0223 2.50951518e-08 0.003632428448 0.002035004095 0.004975 0
0.0224 2.509717243e-08 0.003632525938 0.002035004095 0.004975 0
0.0225 2.509916795e-08 0.003632622212 0.002045004075 0.004975 0
0.0226 2.510118289e-08 0.003632719417 0.002045004075 0.004975 0
0.0227 2.510314034e-08 0.003632813844 0.002055004055 0.004985 0
0.0228 2.510504761e-08 0.003632905845 0.002055004055 0.004985 0
0.0229 2.510691505e-08 0.003632995921 0.002065004036 0.004995 0
0.023 2.510879755e-08 0.003633086719 0.002065004036 0.005005 0
0.0231 2.511063631e-08 0.003633175402 0.002075004016 0.005025 0
0.0232 2.511243473e-08 0.003633262136 0.002075004016 0.005035 0
0.0233 2.511419105e-08 0.003633346836 0.002085003997 0.005055 0
0.0234 2.511588685e-08 0.003633428613 0.002085003997 0.005075 0
0.0235 2.51175983e-08 0.00363351114 0.002085003997 0.005095 0
0.0236 2.511929625e-08 0.003633593014 0.002095003978 0.005115 0
0.0237 2.512094865e-08 0.003633672687 0.002095003978 0.005145 0
0.0238 2.512257498e-08 0.0036337511 0.002105003959 0.005165 0
0.0239 2.512419111e-08 0.003633829018 0.002105003959 0.005185 0
0.024 2.512579699e-08 0.003633906438 0.00211500394 0.005215 0
0.0241 2.512739319e-08 0.003633983389 0.00211500394 0.005235 0
0.0242 2.512895967e-08 0.003634058903 0.002125003922 0.005265 0
0.0243 2.513055271e-08 0.003634135694 0.002125003922 0.005285 0
0.0244 2.513218016e-08 0.003634214142 0.002135003903 0.005315 0
0.0245 2.51337572e-08 0.003634290156 0.002135003903 0.005335 0
0.0246 2.5135348e-08 0.003634366829 0.002145003885 0.005365 0
0.0247 2.513694398e-08 0.00363444375 0.002145003885 0.005395 0
0.0248 2.51385869e-08 0.003634522929 0.002145003885 0.005425 0
0.0249 2.514024763e-08 0.003634602963 0.002155003867 0.005445 0
0.025 2.514190183e-08 0.003634682679 0.002155003867 0.005475 0
